0 2.237526286725700 12.94
100 2.266209793378834 24.43
200 1.914894040068841 57.61
300 1.612643766818324 57.52
400 1.256701313699593 69.22
500 1.132328823587858 68.54
600 0.909185343683096 75.99
700 0.865465918862601 67.93
800 0.684357320628727 80.34
900 0.756509011625587 75.30
1000 0.704485250513495 79.84
1100 0.560598557074142 84.81
1200 0.470953262225823 71.33
1300 0.698646301625731 87.14
1400 0.502510961785512 80.80
1500 0.267626550644174 88.35
1600 0.386771019154456 79.55
1700 0.365357261325684 77.40
1800 0.368951193397047 89.72
1900 0.689347876987793 85.71
2000 0.330824459166064 88.47
2100 0.380662631207089 84.39
2200 0.253211185968345 91.08
